+62811422939
+62811425045
+62811428971
+6281241451710
+6281241522955
+6281241535249
+6281241762881
+6281242902925
+6281244217671
+6281250237493
+6281322516690
+6281342109561
+6281342373621
+6281342434825
+6281342503769
+6281342632484
+6281343155701
+6281343852363
+6281346744739
+6281355066271
+6281355371176
+6281355386586
+6281355932184
+6282187132737
+6282187809452
+6282190536673
+6282191751821
+6282192990388
+6282196941388
+6282292454908
+6282296218234
+6282310657724
+6282337057185
+6282344143497
+6282348535933
+6282349322322
+6285145744746
+6285230891640
+6285239243849
+6285240001972
+6285242161888
+6285242658540
+6285242896207
+6285255079407
+6285255309508
+6285255859526
+6285255889112
+6285299067316
+6285299193019
+6285299721417
+6285299779433
+6285342726021
+6285343868965
+6285343934715
+6285393559377
+6285397226327
+6285399000167
+62895396489062
